accuracy: 0
ensemble.0.conv1.weight
sz:[16, 3, 3, 3]
[0.17197332 1.034843   0.99888444]
ensemble.0.layer1.0.conv1.weight
sz:[16, 16, 3, 3]
[0.00000000e+00 7.20015585e-01 1.19492440e-02 1.07573755e-02
 6.85981940e-03 2.26153117e-02 1.55180218e-02 1.03874728e-02
 1.38364155e-02 2.23443508e-02 2.29055528e-03 3.62940073e-01
 1.14595490e-02 2.98352479e-05 2.58256108e-01 0.00000000e+00]
ensemble.0.layer1.0.conv2.weight
sz:[16, 16, 3, 3]
[3.2719094e-02 0.0000000e+00 0.0000000e+00 2.5325876e-02 2.9915512e-02
 0.0000000e+00 1.5029622e-02 4.7409591e-01 0.0000000e+00 2.6745863e-02
 1.4064332e-09 5.9611517e-01 3.8620882e-02 4.6981022e-01 0.0000000e+00
 0.0000000e+00]
ensemble.0.layer1.1.conv1.weight
sz:[16, 16, 3, 3]
[0.017996656 0.5734699   0.          0.011641279 0.016786708 0.5817874
 0.024899114 0.00679027  0.03338145  0.          0.          0.01603118
 0.01465295  0.40954077  0.00060495  0.020589635]
ensemble.0.layer1.1.conv2.weight
sz:[16, 16, 3, 3]
[2.6782971e-02 0.0000000e+00 8.8396846e-05 5.1080096e-01 0.0000000e+00
 4.1839592e-02 3.7557531e-02 0.0000000e+00 2.6241044e-02 1.6488612e-09
 3.0900955e-02 4.4254765e-02 0.0000000e+00 3.5088339e-01 4.9196115e-01
 3.2490544e-02]
ensemble.0.layer1.2.conv1.weight
sz:[16, 16, 3, 3]
[9.7197760e-03 5.2184498e-01 1.1920995e-05 0.0000000e+00 1.6524827e-02
 5.3033982e-05 0.0000000e+00 2.0688422e-02 1.2194311e-10 1.9348558e-02
 1.1297941e-02 9.2574865e-15 0.0000000e+00 1.0829412e+00 3.5891393e-01
 4.8163803e-03]
ensemble.0.layer1.2.conv2.weight
sz:[16, 16, 3, 3]
[3.8815398e-02 2.0536335e-02 4.3741938e-02 1.6248643e-02 0.0000000e+00
 0.0000000e+00 2.0283540e-05 0.0000000e+00 2.1251760e-02 2.8910391e-02
 6.4548259e-03 9.5003361e-01 6.1137265e-01 7.1160138e-01 0.0000000e+00
 5.2325726e-02]
ensemble.0.layer2.0.conv1.weight
sz:[32, 16, 3, 3]
[0.6281664   0.046237037 0.045506507 1.2108544   0.044092067 0.02773132
 0.03903992  0.049743406 0.034968965 0.056051154 0.04593272  0.03377866
 0.038438484 1.1344599   0.012119289 0.012770696]
ensemble.0.layer2.0.conv2.weight
sz:[32, 32, 3, 3]
[0.033047706 0.9489648   0.03178964  0.03396848  0.036465112 0.0383684
 0.034947157 0.049837265 0.039680723 0.02981152  0.71738183  0.
 0.034508187 0.034945108 0.038631536 0.          0.          0.035446342
 0.0317293   0.03341951  0.037178718 1.5207057   0.037786413 0.8241781
 0.75057566  0.8209897   0.039835036 0.57732975  0.03521548  0.
 0.034908142 0.025675887]
ensemble.0.layer2.0.downsample.0.weight
sz:[32, 16, 1, 1]
[0.00391196  0.012094848 0.018363819 0.1416182   0.026731694 0.01369667
 0.020095734 0.019126391 0.019924942 0.027615253 0.01959854  0.003892038
 0.016125664 0.31300876  0.004091877 0.5203959  ]
ensemble.0.layer2.1.conv1.weight
sz:[32, 32, 3, 3]
[3.8131159e-02 6.7872583e-04 2.3710422e-07 1.6337988e-05 4.4176228e-02
 5.2628270e-08 8.8518383e-03 1.6306894e-06 3.7009740e-04 3.7044939e-02
 3.8048897e-02 2.7854552e-02 3.2051976e-03 8.1719279e-01 9.4731711e-03
 5.4587534e-04 9.5474732e-08 7.1112692e-01 3.8711455e-02 2.8942517e-09
 4.5023818e-08 5.9858829e-10 8.7811083e-01 7.5189275e-01 1.4376624e-07
 1.8980610e-07 2.7862994e-08 5.5943311e-10 1.4046033e-07 7.7766407e-01
 8.4978974e-01 7.1852171e-01]
ensemble.0.layer2.1.conv2.weight
sz:[32, 32, 3, 3]
[0.03465867  0.04228536  0.04236366  0.028881283 0.0457698   0.027045073
 0.04136865  0.045366537 0.72137266  0.69750464  0.5893414   0.035136748
 0.040485717 0.03302382  0.03173508  0.039044473 0.03133971  0.032748234
 0.04166817  0.033185724 0.66050875  0.041989606 0.7073558   0.037587896
 0.0449333   0.037460793 0.039848447 0.033793937 0.6569271   0.039514016
 0.036514454 0.94746447 ]
ensemble.0.layer2.2.conv1.weight
sz:[32, 32, 3, 3]
[1.2169025e-05 5.4726880e-02 2.3662094e-02 1.6196843e-02 4.5167585e-03
 2.9371781e-03 1.6380599e-02 5.5866735e-07 6.8708032e-01 1.9565251e-02
 7.5664607e-06 3.8215891e-02 9.1094714e-01 2.4312219e-02 7.8748563e-08
 4.3206182e-03 4.7410675e-03 5.4896557e-01 7.4027861e-03 5.6535660e-05
 3.3219054e-03 6.3786870e-01 2.4356126e-07 7.7830535e-01 1.6162301e-03
 2.5811261e-07 2.8303351e-09 7.3494756e-01 1.7953396e-05 7.9590917e-01
 1.9976029e-03 1.2862801e-05]
ensemble.0.layer2.2.conv2.weight
sz:[32, 32, 3, 3]
[0.04143489  0.036299814 0.033007134 0.029155616 0.041587465 0.034948006
 0.027781408 0.03756274  0.028969418 0.59752554  0.026987236 0.6173311
 0.5542055   0.036107    0.60428935  0.039396584 0.042094316 0.032969475
 0.031398825 0.035347935 0.032434206 0.028451817 0.03671409  0.03210549
 0.033944175 0.6159024   0.044555474 0.5924474   0.03780102  0.03423231
 0.03648507  0.47618073 ]
ensemble.0.layer3.0.conv1.weight
sz:[64, 32, 3, 3]
[5.18467724e-02 1.75029021e-02 5.70805892e-02 5.21624237e-02
 3.73832509e-02 4.11900319e-02 4.68042158e-02 2.10154578e-02
 3.92037556e-02 3.48591544e-02 4.49601524e-02 4.55637053e-02
 6.28800692e-08 3.58404517e-02 2.01750472e-02 6.53169081e-02
 1.03294805e-01 5.49170545e-06 4.88930717e-02 6.06143810e-02
 3.76057327e-02 2.98309363e-02 2.88501233e-02 1.47909932e-02
 8.66360486e-01 1.18585742e+00 8.58362198e-01 8.54899645e-01
 7.95950413e-01 8.54543328e-01 7.72696376e-01 3.42523009e-02]
ensemble.0.layer3.0.conv2.weight
sz:[64, 64, 3, 3]
[1.8289449e-02 2.0549916e-02 5.1647606e-03 2.7231371e-02 2.4702571e-02
 1.6064372e-02 2.2697749e-02 1.3995196e-02 2.0330330e-02 2.0210223e-02
 2.5552396e-02 3.1391785e-02 5.0157397e-03 1.7622157e-03 2.8177559e-02
 1.7682195e-02 2.9223341e-02 8.1602857e-03 1.4374079e-02 6.6722268e-03
 2.1442689e-02 1.4790449e-02 1.2186300e+00 2.5301293e-02 1.9175978e-02
 1.6441260e-02 1.4342305e-02 1.4410741e-02 2.0111028e-02 1.5121684e-02
 8.9502819e-03 3.2280618e-03 3.0119427e-02 2.3884609e-02 1.6592599e-02
 1.7035177e-02 3.5266101e-04 1.2016031e+00 1.4467914e-02 2.3601416e-02
 1.8053235e-02 2.5127074e-02 2.2859449e-02 0.0000000e+00 0.0000000e+00
 1.5133927e-02 1.1776054e+00 1.7495304e-02 1.6725613e-02 1.8797899e-02
 1.2310233e+00 0.0000000e+00 9.8320687e-01 1.1209140e+00 1.1248507e+00
 1.2792286e+00 1.0565742e+00 1.0837965e+00 2.1165472e-02 0.0000000e+00
 1.0430965e+00 1.1416137e+00 2.7751920e-03 1.2548254e+00]
ensemble.0.layer3.0.downsample.0.weight
sz:[64, 32, 1, 1]
[1.9211655e-02 8.0734007e-03 2.9933373e-02 1.4985106e-02 1.3129466e-02
 9.8529961e-03 3.2848235e-02 8.2934737e-01 9.2767263e-03 1.4199444e-02
 1.7891092e-02 2.5438935e-02 4.4754785e-08 1.0647741e-02 5.8669490e-01
 3.0076373e-02 2.7042009e-02 1.9046863e-06 1.2979427e-02 3.6958435e-01
 1.5840899e-02 6.6144717e-01 9.9449335e-03 4.1079143e-01 5.6616759e-01
 5.9762527e-03 5.7148351e-03 5.8382531e-03 4.1657341e-01 5.7072206e-03
 4.5154467e-03 1.1046596e-02]
ensemble.0.layer3.1.conv1.weight
sz:[64, 64, 3, 3]
[7.3984959e-03 2.0495965e-07 9.3804076e-09 1.1163263e-08 2.2224724e-09
 4.9317305e-07 1.4824891e-06 1.6911488e-09 2.2637101e-09 1.6341228e-09
 3.0204970e-02 1.9814093e-08 6.5385486e-04 1.3540773e-07 1.3308409e+00
 2.7674767e-08 4.1561282e-10 2.7700799e-02 1.1079648e+00 2.7782938e-09
 2.2516636e-08 1.1125968e-09 9.3365948e-10 7.6037328e-09 2.1744179e-10
 1.2234123e-10 1.1124952e+00 5.0952359e-10 1.3725704e-10 1.0558316e-06
 6.6096584e-10 1.0821106e-07 5.6567497e-09 1.1357831e+00 7.3025869e-10
 3.2354712e-02 1.9940392e-08 1.2493762e-06 1.0236465e+00 3.6571637e-05
 1.7542499e-08 1.0760169e+00 9.5016551e-01 7.8287027e-05 2.2741236e-09
 8.7961155e-01 1.1668379e-07 1.2397330e+00 3.1687588e-08 9.8211789e-01
 1.1036114e+00 1.1067317e+00 4.2608081e-10 5.2590497e-07 8.0464205e-11
 2.5757505e-02 1.4634475e-09 3.0043656e-10 1.2867087e+00 2.9516157e-06
 8.3291525e-06 1.5353554e-02 5.0418049e-07 1.0066215e-02]
ensemble.0.layer3.1.conv2.weight
sz:[64, 64, 3, 3]
[0.03654171  0.040213868 0.040127948 0.0407217   0.043996554 1.1223502
 0.044508178 0.039909486 0.03920257  0.061297007 0.03859361  0.718526
 0.05766695  0.9801269   0.04063725  0.9048032   0.03867547  0.044499822
 0.046243623 0.039906103 0.045009717 0.033679377 0.045273017 0.0343929
 0.03869634  0.0377887   0.05030257  0.04506893  0.8795921   0.065117985
 0.9286173   0.033300713 0.046683505 0.05235089  0.042457458 0.046362847
 0.038913343 0.043405168 0.045032408 0.035025228 1.0052971   0.96638846
 0.033272546 0.057306428 0.038012777 0.8306506   0.05518657  0.0446911
 0.033114903 0.039853163 0.051619764 0.039101444 0.060395643 0.055304766
 1.0162032   0.04839116  0.03965591  0.047080528 0.039436985 0.89233017
 1.0335693   0.06317304  0.041789867 0.88066065 ]
ensemble.0.layer3.2.conv1.weight
sz:[64, 64, 3, 3]
[6.18872186e-03 1.03752085e-09 8.79586339e-01 3.15323034e-09
 9.30177867e-01 2.38087792e-02 1.07117252e-07 9.79286253e-01
 9.75436953e-10 3.38223890e-06 4.64514736e-03 6.54573962e-02
 7.46829173e-05 5.16530946e-02 5.33767586e-10 1.84262217e-09
 8.95652771e-01 1.69456638e-09 3.10314441e-10 1.94866576e-08
 7.74103463e-01 2.15463181e-09 1.50895485e-09 4.16471099e-04
 2.04356887e-09 8.27665658e-10 1.04687488e+00 5.33094902e-09
 9.93433714e-01 2.40849953e-08 9.45932090e-01 4.87000413e-08
 1.56579483e-02 1.30089262e-09 7.01380731e-10 1.42465995e-08
 6.76115377e-08 6.09379356e-08 8.71858530e-10 7.13777915e-02
 1.69178102e-10 5.74371210e-11 8.99663925e-01 5.90857118e-03
 7.72523165e-01 8.40228677e-01 3.91034632e-07 2.89918145e-10
 1.32624134e-09 8.16188872e-01 3.37863648e-09 9.77554917e-01
 1.92202165e-09 4.45068963e-02 9.94491267e-10 1.97772221e-09
 5.82127141e-05 1.01465025e-09 1.93756761e-10 4.44185513e-04
 3.79018061e-09 1.65166071e-04 1.69945735e-09 4.92065260e-03]
ensemble.0.layer3.2.conv2.weight
sz:[64, 64, 3, 3]
[0.033638813 0.7711648   0.023784174 0.03309673  0.030622132 0.029809967
 0.030730754 0.73631895  0.67599946  0.034502294 0.03239845  0.006009835
 0.006470631 0.044032298 0.74066114  0.04025667  0.03317507  0.02379512
 0.047107697 0.029219335 0.024210658 0.019640738 0.0203502   0.80672073
 0.031444814 0.014767949 0.024903292 0.039270338 0.019588407 0.021519959
 0.01884097  0.032280065 0.037244845 0.029751424 0.022562189 0.02272057
 0.68641347  0.7410488   0.82584846  0.677282    0.017360313 0.018389873
 0.024460962 0.71177804  0.007763894 0.7506329   0.030620804 0.68475187
 0.773464    0.021985572 0.048973914 0.02471629  0.028572027 0.05714986
 0.039378423 0.027140452 0.02569811  0.008584796 0.014634404 0.032269094
 0.024303766 0.03073644  0.030177208 0.040965687]
