accuracy: 0
ensemble.0.conv1.weight
sz:[16, 3, 3, 3]
[0.9052642 0.8179634 1.2329754]
ensemble.0.layer1.0.conv1.weight
sz:[16, 16, 3, 3]
[0.71571314 0.         0.7216254  0.         0.         0.83176214
 0.9093144  0.         0.6436779  0.         0.64342666 0.
 0.         0.63691586 0.         0.        ]
ensemble.0.layer1.0.conv2.weight
sz:[16, 16, 3, 3]
[0.         0.45037365 0.5719123  0.55434513 0.4835101  0.7410851
 0.45409957 0.48664996 0.         1.1306888  0.4484113  0.
 0.         0.53336084 0.         0.        ]
ensemble.0.layer1.1.conv1.weight
sz:[16, 16, 3, 3]
[0.         0.68215144 0.         0.45161748 0.         0.
 0.         0.         0.         0.6436933  0.         0.
 0.         0.49370012 0.         0.62554175]
ensemble.0.layer1.1.conv2.weight
sz:[16, 16, 3, 3]
[0.5139608  0.60759485 0.5332682  0.         0.5129089  0.
 0.6050132  0.         0.5723999  0.         0.5898416  0.
 0.         0.         0.         0.5303027 ]
ensemble.0.layer1.2.conv1.weight
sz:[16, 16, 3, 3]
[0. 0. 0. 0. 0. 0. 0. 0. 0. 0. 0. 0. 0. 0. 0. 0.]
ensemble.0.layer1.2.conv2.weight
sz:[16, 16, 3, 3]
[0. 0. 0. 0. 0. 0. 0. 0. 0. 0. 0. 0. 0. 0. 0. 0.]
ensemble.0.layer2.0.conv1.weight
sz:[32, 16, 3, 3]
[0.51472133 0.46664768 0.         0.60413146 0.76958805 0.5436114
 0.         0.979064   0.         0.6619064  0.8599799  0.
 0.76281357 0.60699016 0.         0.59235543]
ensemble.0.layer2.0.conv2.weight
sz:[32, 32, 3, 3]
[0.         0.6207501  0.45932147 0.         0.         0.
 0.59616804 0.51842064 0.5839425  0.61907405 0.4498302  0.
 0.         0.         0.4980167  0.46466705 0.50695145 0.6555031
 0.69559973 0.5789769  0.5404718  1.0846149  0.515347   0.48999307
 0.748307   0.68603784 0.69283706 1.1537832  0.49071205 1.0589248
 0.5476844  0.5522434 ]
ensemble.0.layer2.0.downsample.0.weight
sz:[32, 16, 1, 1]
[0. 0. 0. 0. 0. 0. 0. 0. 0. 0. 0. 0. 0. 0. 0. 0.]
ensemble.0.layer2.1.conv1.weight
sz:[32, 32, 3, 3]
[0.5414289  0.5659608  0.         0.5508583  0.         0.
 0.5103221  0.49817517 0.         0.55866575 0.48829776 0.48939484
 0.         0.5394146  0.5386705  0.4939304  0.6202979  0.54247004
 0.         0.4881724  0.52325726 0.         0.         0.53536904
 0.         0.6806628  0.5354042  0.499545   0.51795584 0.
 0.4758077  0.        ]
ensemble.0.layer2.1.conv2.weight
sz:[32, 32, 3, 3]
[0.         0.5864894  0.         0.46846995 0.         0.4527787
 0.5377365  0.         0.48461294 0.48188144 0.46221766 0.
 0.         0.4625662  0.56878835 0.5474198  0.         0.47890636
 0.47397298 0.5636799  0.47614273 0.4509157  0.         0.56749666
 0.4533156  0.4603529  0.         0.         0.         0.50475174
 0.         0.45191064]
ensemble.0.layer2.2.conv1.weight
sz:[32, 32, 3, 3]
[0.64263976 0.54222304 0.48876277 0.5170217  0.         0.
 0.         0.49867103 0.         0.         0.5294159  0.5214896
 0.55012256 0.5545036  0.65103006 0.         0.5492781  0.7519294
 0.         0.75069493 0.6547213  0.49308297 0.4554392  0.
 0.         0.         0.         0.4687986  0.53172904 0.
 0.5292838  0.        ]
ensemble.0.layer2.2.conv2.weight
sz:[32, 32, 3, 3]
[0.         0.         0.5280567  0.4710635  0.         0.
 0.5681397  0.5083329  0.4585672  0.47817937 0.         0.4949275
 0.         0.50616926 0.         0.4923926  0.5268279  0.46558133
 0.50822264 0.5351225  0.5525231  0.5448034  0.         0.67970616
 0.48129305 0.5196306  0.50143725 0.5517002  0.65997565 0.5151942
 0.         0.51845735]
ensemble.0.layer3.0.conv1.weight
sz:[64, 32, 3, 3]
[0.88474274 0.70452076 0.65961653 0.60678697 0.8146826  0.73522294
 0.5799338  0.6320929  0.5370045  0.58067685 0.69108444 0.74700403
 0.71229917 0.6096941  0.821945   0.7015067  0.6950196  0.6471592
 1.009599   0.69740933 0.65245444 0.607097   0.64962554 0.6091451
 0.9171914  0.72175246 0.60429436 0.9347802  0.78363556 0.8153969
 0.67584085 1.02915   ]
ensemble.0.layer3.0.conv2.weight
sz:[64, 64, 3, 3]
[0.774726   0.64291734 0.73439556 0.63863033 0.6726969  0.6299376
 0.73631775 0.687753   0.76513785 0.8018129  0.6047517  0.6767682
 0.977855   0.6640737  0.67532885 0.6438905  0.67821467 0.5746477
 0.75869125 0.6154368  0.7570826  0.6130573  0.7200925  0.7833415
 0.6525356  0.6812556  0.79721457 0.62756246 0.71267015 0.8931934
 0.61017984 0.61251765 0.62747294 0.6547143  0.6408358  0.61169904
 0.6948441  0.6613287  0.6234008  0.58969855 0.76639897 0.6483498
 0.71497416 0.68821    0.84918034 0.71623534 0.81403655 0.6077007
 0.76649183 0.7065533  0.8024988  0.6344748  0.6163824  0.92623824
 0.6133717  0.6730429  0.68477166 0.9062596  0.7485674  0.7686414
 0.690892   0.7429728  0.7097439  0.59385484]
ensemble.0.layer3.0.downsample.0.weight
sz:[64, 32, 1, 1]
[0.         0.         0.         0.         0.         0.
 0.         0.         0.         0.         0.         0.
 0.         0.         0.         0.         0.         0.
 0.5088338  0.         0.         0.         0.         0.
 0.57331824 0.         0.         0.         0.         0.
 0.         0.        ]
ensemble.0.layer3.1.conv1.weight
sz:[64, 64, 3, 3]
[0.7607975  0.7636472  0.6862765  0.7985432  0.7476099  0.6514503
 0.73233193 0.69614214 0.72283393 0.8574262  0.6989227  0.8238731
 0.7682854  0.6844277  0.6383956  0.7346397  0.64363694 0.7369635
 0.7356962  0.7980221  0.75665736 0.7287145  0.6099823  0.72398955
 0.7386345  0.6101516  0.7119343  0.75064933 0.71540403 0.
 0.9378659  0.6990786  0.71554196 0.7190821  0.76647836 0.7440518
 0.6151847  0.6794821  0.71612734 0.74038327 0.70133996 0.6914068
 0.         0.64226073 0.68030965 0.662725   0.74742734 0.6492667
 0.80820787 0.6774115  0.77539724 0.8083483  0.66038465 0.65813136
 0.7585744  0.6142066  0.83340126 0.72813386 0.9130439  0.7726153
 1.0425934  0.71478003 0.67003244 0.6529804 ]
ensemble.0.layer3.1.conv2.weight
sz:[64, 64, 3, 3]
[0.80284655 0.6839363  0.7263315  0.67192227 0.6412055  0.68385196
 0.6902647  0.6826164  0.75260097 0.66466266 0.68029773 0.65826356
 0.6454587  0.7000704  0.69374925 0.8294674  0.64174205 0.7245322
 0.6521667  0.64335483 0.70313    0.6336121  0.7679255  0.6745827
 0.67771375 0.7178685  0.8167067  0.68906766 0.70356107 0.69709307
 0.6243101  0.64537686 0.71456677 0.72775847 0.7060434  0.893769
 0.6770116  0.69954914 0.63168526 0.7859087  0.65801936 0.7015174
 0.6847033  0.74227256 0.79211456 0.6719493  0.6616812  0.66289365
 0.6650819  0.6907701  0.6913673  0.70352983 0.6706962  0.6749101
 0.6318948  0.7442707  0.67131656 0.65219784 0.68749005 0.6722475
 0.6442232  0.6782517  0.758164   0.61374694]
ensemble.0.layer3.2.conv1.weight
sz:[64, 64, 3, 3]
[0.72548044 0.7256132  0.8468835  0.72258073 0.61935705 0.62413454
 0.644836   0.6383314  0.75047237 0.6659512  0.6899354  0.8289245
 0.69996    0.68035334 0.6835771  0.6606245  0.7472189  0.6909983
 0.7301919  0.6881789  0.7191393  0.6742694  0.837383   0.7901202
 0.7328751  0.6975018  0.7052457  0.6791187  0.68669355 0.75587267
 0.70051306 0.78981936 0.65912277 0.67364573 0.7936491  0.7970396
 0.74348927 0.66218334 0.6872256  0.6690943  0.74586636 0.6995057
 0.75322753 0.6683262  0.63065976 0.75251865 0.7062802  0.74850595
 0.7417567  0.7961418  0.6666006  0.67815024 0.6797388  0.7703967
 0.7731526  0.74991745 0.7134645  0.6810047  0.75801665 0.86849755
 0.7056144  0.7563199  0.66356933 0.80603695]
ensemble.0.layer3.2.conv2.weight
sz:[64, 64, 3, 3]
[0.58150375 0.57020974 0.5215775  0.5148456  0.584691   0.5547299
 0.5865517  0.571848   0.61555016 0.5776203  0.60689896 0.5602436
 0.54768103 0.54930836 0.6073646  0.5810657  0.5843483  0.59697604
 0.58677787 0.57804644 0.5903552  0.59596986 0.58140653 0.52903754
 0.5448354  0.5205507  0.56519485 0.59274125 0.5654736  0.5946171
 0.5935403  0.5719455  0.56385696 0.5783519  0.58908135 0.57701355
 0.5060863  0.6100252  0.59278816 0.5371465  0.51760036 0.5823507
 0.52401316 0.51597565 0.6011805  0.60018533 0.5966933  0.5855368
 0.5971097  0.5628875  0.5745464  0.5395588  0.57864213 0.56075525
 0.48326668 0.5798581  0.5869238  0.61375636 0.55842257 0.63631016
 0.6397866  0.509378   0.5919243  0.58457595]
